/Users/bartekk/PycharmProjects/bird-sound-recognition/.venv/lib/python3.12/site-packages/sklearn/utils/extmath.py:203: RuntimeWarning: divide by zero encountered in matmul
  ret = a @ b
/Users/bartekk/PycharmProjects/bird-sound-recognition/.venv/lib/python3.12/site-packages/sklearn/utils/extmath.py:203: RuntimeWarning: overflow encountered in matmul
  ret = a @ b
/Users/bartekk/PycharmProjects/bird-sound-recognition/.venv/lib/python3.12/site-packages/sklearn/utils/extmath.py:203: RuntimeWarning: invalid value encountered in matmul
  ret = a @ b

              precision    recall  f1-score   support

           0       0.58      0.65      0.61       227
           1       0.57      0.88      0.69        50
           2       0.70      0.85      0.77       102
           3       0.76      0.66      0.71       161
           4       0.75      0.64      0.69       146
           5       0.74      0.56      0.64        91
           6       0.80      0.72      0.76       257
           7       0.53      0.68      0.60       163
           8       0.56      0.62      0.59       181
           9       0.69      0.76      0.72       211
          10       0.80      0.51      0.62        63
          11       0.75      0.68      0.71       229
          12       0.68      0.74      0.71       229
          13       0.75      0.74      0.74       143
          14       0.86      0.73      0.79        26
          15       0.67      0.81      0.73       257
          16       0.73      0.79      0.76       165
          17       0.83      0.73      0.78       329
          18       0.60      0.70      0.65        37
          19       0.63      0.63      0.63        67
          20       0.54      0.56      0.55       179
          21       0.65      0.65      0.65       172
          22       0.64      0.78      0.70       243
          23       0.72      0.75      0.74       204
          24       0.69      0.54      0.61        92
          25       0.70      0.59      0.64       270
          26       0.84      0.64      0.73       142
          27       0.66      0.69      0.68       148
          28       0.75      0.73      0.74        33
          29       0.73      0.73      0.73       120
          30       0.61      0.54      0.57       181
          31       0.69      0.63      0.66        38
          32       0.78      0.59      0.67       257
          33       0.85      0.85      0.85        68
          34       0.64      0.66      0.65       118
          35       0.75      0.56      0.64       166
          36       0.64      0.53      0.58       191
          37       0.70      0.70      0.70       225
          38       0.63      0.72      0.67       171
          39       0.78      0.71      0.75       222
          40       0.63      0.68      0.66       215
          41       0.52      0.60      0.56       133
          42       0.81      0.72      0.76       268
          43       0.66      0.63      0.64       277
          44       0.62      0.58      0.60        36
          45       0.73      0.71      0.72       259
          46       0.68      0.69      0.69       170
          47       0.75      0.60      0.67        55
          48       0.56      0.72      0.63        75
          49       0.62      0.63      0.62       295
          50       0.81      0.70      0.75       107
          51       0.66      0.66      0.66       113
          52       0.61      0.65      0.63       198
          53       0.80      0.79      0.79       449
          54       0.72      0.62      0.67       228
          55       0.68      0.47      0.56        89
          56       0.83      0.77      0.80        13
          57       0.82      0.79      0.80       556
          58       0.56      0.64      0.60       199
          59       0.57      0.59      0.58        44
          60       0.62      0.62      0.62       178
          61       0.72      0.59      0.65       109
          62       0.70      0.75      0.72       150
          63       0.67      0.64      0.66       232
          64       0.69      0.42      0.52       193
          65       0.70      0.78      0.74       140
          66       0.71      0.55      0.62       166
          67       0.55      0.66      0.60       121
          68       0.60      0.50      0.55       138
          69       0.72      0.65      0.68       279
          70       0.72      0.75      0.74       119
          71       0.54      0.66      0.59       218
          72       0.44      0.70      0.54        23
          73       0.78      0.72      0.75       228
          74       0.77      0.72      0.74        46
          75       0.59      0.72      0.65       130
          76       0.61      0.54      0.57        89
          77       0.61      0.72      0.66       192
          78       0.58      0.62      0.60       110
          79       0.68      0.68      0.68        79
          80       0.69      0.72      0.71       170
          81       0.62      0.79      0.70       113
          82       0.52      0.60      0.56        90
          83       0.74      0.72      0.73       179
          84       0.64      0.55      0.59       231
          85       0.74      0.60      0.66       144
          86       0.81      0.77      0.79        22
          87       0.69      0.54      0.61       220
          88       0.60      0.75      0.67        36
          89       0.75      0.59      0.66       179
          90       0.81      0.71      0.76       221
          91       0.64      0.72      0.68       138
          92       0.76      0.60      0.67       240
          93       0.54      0.67      0.60       144
          94       0.38      0.62      0.48       210
          95       0.66      0.59      0.62       192
          96       0.72      0.79      0.75       105
          97       0.69      0.61      0.65        96
          98       0.78      0.69      0.73       109
          99       0.64      0.68      0.66       163
         100       0.58      0.61      0.59       206
         101       0.69      0.76      0.73       165
         102       0.63      0.60      0.61       104
         103       0.51      0.75      0.61        96
         104       0.88      0.86      0.87       217
         105       0.84      0.71      0.77       214
         106       0.61      0.65      0.63       103
         107       0.76      0.68      0.72       224
         108       0.74      0.64      0.69        45
         109       0.62      0.92      0.74       251
         110       0.63      0.53      0.57       196
         111       0.74      0.85      0.79       330
         112       0.56      0.80      0.66        70
         113       0.74      0.56      0.63        36
         114       0.59      0.66      0.62       289
         115       0.65      0.76      0.70       241
         116       0.83      0.89      0.86        45
         117       0.65      0.45      0.53       162
         118       0.61      0.80      0.69       217
         119       0.67      0.78      0.72       455
         120       0.63      0.81      0.71        21
         121       0.62      0.60      0.61       203
         122       0.53      0.68      0.60       107
         123       0.65      0.60      0.62       123
         124       0.66      0.61      0.63       245
         125       0.62      0.70      0.65       156
         126       0.60      0.70      0.65       149
         127       0.64      0.57      0.60       217
         128       0.65      0.64      0.65       136
         129       0.82      0.61      0.70       153
         130       0.72      0.46      0.56       117
         131       0.73      0.73      0.73       322
         132       0.69      0.69      0.69       192
         133       0.89      0.83      0.86        59
         134       0.77      0.64      0.70       101
         135       0.74      0.69      0.71       194
         136       0.58      0.56      0.57        32
         137       0.59      0.62      0.61       206
         138       0.77      0.85      0.81        66
         139       0.64      0.42      0.51        50
         140       0.50      0.62      0.56        24
         141       0.62      0.59      0.61       269
         142       0.60      0.64      0.62       289
         143       0.68      0.77      0.72        92
         144       0.82      0.47      0.60        57
         145       0.68      0.72      0.70        60
         146       0.52      0.65      0.58       155
         147       0.68      0.63      0.65       216
         148       0.64      0.46      0.53       241
         149       0.84      0.81      0.83       228
         150       0.68      0.54      0.60       111
         151       0.73      0.70      0.72       261
         152       0.63      0.70      0.67       101
         153       0.62      0.85      0.72        39
         154       0.50      0.41      0.45       158
         155       0.72      0.79      0.76       207
         156       0.59      0.65      0.62       175
         157       0.71      0.76      0.73       231
         158       0.67      0.50      0.57       134
         159       0.64      0.68      0.66        37
         160       0.67      0.61      0.64       532
         161       0.68      0.72      0.70       207
         162       0.83      0.76      0.79        45
         163       0.86      0.84      0.85       333
         164       1.00      0.65      0.79        17
         165       0.71      0.67      0.69        70
         166       0.56      0.64      0.60       171
         167       0.83      0.59      0.69        58
         168       0.59      0.69      0.63       221
         169       0.55      0.62      0.59       192
         170       0.57      0.70      0.63       256
         171       0.75      0.70      0.73       240
         172       0.77      0.77      0.77        73
         173       0.48      0.45      0.46        29
         174       0.65      0.64      0.65       113
         175       0.70      0.69      0.69       146
         176       0.60      0.55      0.58        76
         177       0.84      0.55      0.67       157
         178       0.72      0.59      0.65       142
         179       0.66      0.62      0.64       221
         180       0.52      0.67      0.59       255
         181       0.78      0.67      0.72        85
         182       0.81      0.55      0.66       248
         183       0.76      0.72      0.74       188
         184       0.54      0.70      0.61       220
         185       0.47      0.59      0.53        69
         186       0.64      0.74      0.69       121
         187       0.70      0.67      0.68       242
         188       0.56      0.68      0.61       157
         189       0.19      0.29      0.23        17
         190       0.70      0.53      0.60       163
         191       0.63      0.79      0.70        34
         192       0.79      0.76      0.77       271
         193       0.85      0.86      0.86       185
         194       0.60      0.65      0.63       121
         195       0.68      0.65      0.66       131
         196       0.62      0.55      0.58       236
         197       0.93      0.88      0.90        16
         198       0.55      0.85      0.67        54
         199       0.32      0.50      0.39        14
         200       0.65      0.76      0.70       131
         201       0.74      0.59      0.66       272
         202       0.56      0.52      0.54       188
         203       0.57      0.64      0.60       187
         204       0.65      0.68      0.67        19
         205       0.78      0.82      0.79        38
         206       0.81      0.74      0.77        39
         207       0.67      0.71      0.69        51
         208       0.79      0.77      0.78       115
         209       0.72      0.82      0.77       139
         210       0.91      0.79      0.84        62
         211       0.81      0.81      0.81       244
         212       0.74      0.67      0.70       257
         213       0.82      0.70      0.76        93
         214       0.67      0.78      0.72       217
         215       0.64      0.76      0.70       350
         216       0.63      0.58      0.60        38
         217       0.64      0.73      0.68        64
         218       0.69      0.76      0.72        33
         219       0.65      0.77      0.71        86
         220       0.87      0.88      0.88       342
         221       0.86      0.95      0.90       242
         222       0.54      0.57      0.55        67
         223       0.68      0.49      0.57       183
         224       0.68      0.79      0.73       150
         225       0.65      0.58      0.61        79
         226       0.73      0.57      0.64       148
         227       0.84      0.63      0.72       172
         228       0.65      0.72      0.68        43
         229       0.70      0.71      0.71       326
         230       0.56      0.72      0.63       174
         231       0.76      0.70      0.73       156
         232       0.77      0.80      0.78        54
         233       0.66      0.72      0.69       158
         234       0.86      0.74      0.80        85
         235       0.56      0.62      0.59       169
         236       0.78      0.76      0.77       418
         237       0.49      0.74      0.59        92
         238       0.77      0.52      0.62       311
         239       0.78      0.63      0.70        60
         240       0.84      0.61      0.71        70
         241       0.79      0.73      0.76       172
         242       0.63      0.66      0.64       243
         243       0.65      0.54      0.59       167
         244       0.83      0.71      0.76        34
         245       0.63      0.73      0.68       246
         246       0.60      0.77      0.67       269
         247       0.60      0.61      0.61       232
         248       0.67      0.65      0.66       268
         249       0.56      0.65      0.60        23
         250       0.64      0.77      0.70       257
         251       0.66      0.48      0.55        44
         252       0.75      0.84      0.80       127
         253       0.64      0.65      0.65       158
         254       0.72      0.82      0.77       250
         255       0.65      0.59      0.62       179
         256       0.73      0.69      0.71       274
         257       0.53      0.57      0.55        37
         258       0.77      0.65      0.70       257
         259       0.68      0.69      0.68       134
         260       0.79      0.69      0.74       175
         261       0.54      0.58      0.56        83
         262       0.78      0.70      0.74       175
         263       0.67      0.52      0.59       134

    accuracy                           0.68     41881
   macro avg       0.68      0.67      0.67     41881
weighted avg       0.69      0.68      0.68     41881
